63 100 
14.0 22.0 10.0 11.0 13.0 13.0 11.0 19.0 15.0 17.0 12.0 22.0 10.0 18.0 11.0 13.0 10.0 25.0 17.0 12.0 14.0 19.0 21.0 23.0 20.0 19.0 15.0 15.0 23.0 13.0 11.0 20.0 20.0 10.0 23.0 23.0 13.0 10.0 22.0 12.0 14.0 13.0 24.0 18.0 10.0 14.0 20.0 25.0 15.0 16.0 12.0 22.0 12.0 18.0 12.0 11.0 18.0 16.0 23.0 23.0 15.0 25.0 18.0 22.0 22.0 12.0 13.0 18.0 21.0 22.0 25.0 15.0 24.0 22.0 10.0 10.0 23.0 25.0 17.0 16.0 25.0 10.0 19.0 21.0 23.0 21.0 15.0 13.0 12.0 13.0 13.0 19.0 12.0 16.0 10.0 21.0 25.0 14.0 19.0 18.0
14.0 23.0 16.0 25.0 13.0 24.0 10.0 23.0 19.0 24.0 16.0 22.0 25.0 11.0 16.0 17.0 12.0 22.0 11.0 11.0 23.0 18.0 10.0 12.0 10.0 21.0 24.0 24.0 18.0 20.0 19.0 15.0 19.0 24.0 10.0 15.0 14.0 22.0 11.0 22.0 21.0 20.0 23.0 20.0 18.0 10.0 22.0 23.0 19.0 23.0 13.0 21.0 24.0 14.0 15.0 21.0 10.0 18.0 15.0 23.0 17.0 22.0 23.0 22.0 10.0 19.0 12.0 19.0 13.0 18.0 15.0 22.0 10.0 23.0 11.0 16.0 17.0 15.0 15.0 10.0 15.0 22.0 19.0 10.0 23.0 25.0 11.0 14.0 24.0 20.0 16.0 16.0 12.0 23.0 22.0 15.0 12.0 13.0 13.0 20.0 876.0
24.0 19.0 19.0 25.0 18.0 25.0 19.0 16.0 15.0 11.0 23.0 12.0 21.0 14.0 20.0 15.0 16.0 19.0 15.0 24.0 14.0 10.0 10.0 11.0 25.0 16.0 19.0 23.0 13.0 16.0 23.0 24.0 25.0 24.0 17.0 17.0 13.0 23.0 19.0 23.0 21.0 22.0 24.0 11.0 23.0 22.0 17.0 23.0 17.0 16.0 16.0 16.0 10.0 11.0 17.0 11.0 12.0 13.0 22.0 22.0 17.0 15.0 18.0 21.0 21.0 14.0 14.0 14.0 16.0 22.0 14.0 25.0 11.0 15.0 19.0 21.0 22.0 22.0 21.0 15.0 22.0 10.0 11.0 14.0 25.0 16.0 25.0 15.0 23.0 21.0 15.0 21.0 25.0 14.0 22.0 17.0 25.0 10.0 22.0 21.0 906.0
20.0 10.0 22.0 13.0 15.0 10.0 19.0 20.0 16.0 19.0 14.0 21.0 13.0 11.0 18.0 21.0 21.0 11.0 15.0 21.0 19.0 17.0 15.0 19.0 10.0 21.0 20.0 21.0 10.0 21.0 13.0 10.0 14.0 24.0 23.0 22.0 17.0 17.0 23.0 17.0 13.0 23.0 16.0 15.0 24.0 20.0 21.0 13.0 17.0 24.0 24.0 18.0 15.0 19.0 14.0 24.0 10.0 23.0 21.0 17.0 20.0 21.0 10.0 19.0 25.0 18.0 15.0 21.0 22.0 21.0 12.0 23.0 19.0 24.0 19.0 13.0 19.0 20.0 11.0 10.0 11.0 10.0 15.0 22.0 25.0 17.0 18.0 23.0 13.0 16.0 11.0 19.0 17.0 20.0 23.0 11.0 21.0 24.0 24.0 19.0 887.5
24.0 10.0 19.0 19.0 14.0 11.0 15.0 12.0 17.0 13.0 24.0 12.0 13.0 15.0 21.0 20.0 19.0 14.0 14.0 21.0 23.0 21.0 10.0 12.0 22.0 10.0 20.0 25.0 10.0 11.0 25.0 24.0 17.0 16.0 13.0 15.0 13.0 16.0 23.0 10.0 25.0 19.0 23.0 14.0 12.0 13.0 22.0 21.0 16.0 25.0 25.0 15.0 20.0 24.0 15.0 14.0 14.0 14.0 12.0 15.0 10.0 19.0 15.0 13.0 15.0 11.0 24.0 21.0 20.0 13.0 11.0 17.0 17.0 16.0 15.0 14.0 16.0 19.0 17.0 22.0 23.0 17.0 20.0 23.0 21.0 22.0 15.0 25.0 15.0 24.0 13.0 25.0 22.0 17.0 12.0 23.0 12.0 20.0 16.0 20.0 865.5
21.0 17.0 23.0 14.0 13.0 19.0 17.0 21.0 15.0 11.0 10.0 20.0 15.0 18.0 11.0 16.0 17.0 20.0 11.0 15.0 22.0 10.0 20.0 23.0 25.0 13.0 19.0 14.0 17.0 25.0 20.0 23.0 21.0 11.0 18.0 21.0 10.0 15.0 15.0 18.0 19.0 15.0 21.0 18.0 14.0 24.0 16.0 14.0 15.0 25.0 23.0 10.0 17.0 18.0 19.0 19.0 13.0 15.0 25.0 22.0 22.0 25.0 10.0 17.0 19.0 18.0 10.0 14.0 14.0 14.0 11.0 21.0 12.0 20.0 16.0 11.0 10.0 14.0 11.0 18.0 15.0 22.0 18.0 25.0 17.0 17.0 21.0 18.0 17.0 15.0 15.0 10.0 13.0 12.0 15.0 17.0 25.0 23.0 18.0 20.0 853.0
15.0 13.0 10.0 25.0 22.0 19.0 13.0 17.0 14.0 23.0 15.0 15.0 22.0 22.0 21.0 14.0 21.0 12.0 22.0 24.0 10.0 14.0 20.0 17.0 16.0 21.0 14.0 21.0 10.0 18.0 13.0 12.0 14.0 17.0 12.0 12.0 21.0 25.0 16.0 12.0 17.0 16.0 23.0 20.0 23.0 19.0 16.0 23.0 11.0 13.0 12.0 18.0 13.0 20.0 15.0 15.0 11.0 23.0 24.0 15.0 23.0 21.0 23.0 22.0 17.0 19.0 10.0 16.0 20.0 24.0 19.0 17.0 25.0 13.0 22.0 14.0 17.0 10.0 11.0 17.0 13.0 13.0 10.0 12.0 11.0 11.0 11.0 13.0 22.0 13.0 18.0 11.0 17.0 12.0 14.0 24.0 11.0 11.0 14.0 20.0 831.0
14.0 17.0 23.0 10.0 17.0 20.0 13.0 20.0 25.0 19.0 16.0 15.0 10.0 18.0 24.0 16.0 19.0 16.0 18.0 16.0 14.0 24.0 15.0 16.0 22.0 16.0 10.0 15.0 11.0 24.0 12.0 19.0 21.0 23.0 21.0 21.0 20.0 23.0 22.0 21.0 12.0 18.0 17.0 20.0 13.0 12.0 19.0 25.0 13.0 10.0 11.0 19.0 22.0 18.0 24.0 14.0 16.0 15.0 25.0 22.0 21.0 22.0 20.0 14.0 17.0 21.0 11.0 11.0 24.0 19.0 12.0 19.0 10.0 16.0 14.0 14.0 11.0 18.0 12.0 21.0 18.0 21.0 12.0 25.0 24.0 19.0 16.0 20.0 22.0 11.0 21.0 21.0 18.0 25.0 15.0 25.0 25.0 17.0 10.0 11.0 882.0
19.0 17.0 13.0 23.0 18.0 16.0 19.0 24.0 10.0 23.0 15.0 21.0 22.0 23.0 12.0 18.0 14.0 14.0 10.0 13.0 12.0 12.0 25.0 24.0 11.0 16.0 13.0 17.0 24.0 13.0 15.0 14.0 19.0 19.0 16.0 11.0 13.0 25.0 14.0 23.0 11.0 22.0 17.0 18.0 24.0 12.0 21.0 14.0 25.0 10.0 12.0 19.0 10.0 22.0 23.0 22.0 17.0 22.0 17.0 23.0 24.0 19.0 20.0 24.0 19.0 16.0 24.0 18.0 15.0 24.0 22.0 10.0 25.0 20.0 21.0 15.0 11.0 17.0 12.0 10.0 17.0 10.0 24.0 15.0 19.0 13.0 25.0 22.0 10.0 20.0 23.0 22.0 16.0 12.0 13.0 14.0 14.0 10.0 22.0 23.0 875.5
19.0 15.0 21.0 21.0 10.0 18.0 21.0 19.0 25.0 14.0 10.0 11.0 19.0 22.0 10.0 11.0 25.0 19.0 19.0 14.0 12.0 19.0 15.0 15.0 14.0 12.0 25.0 24.0 24.0 24.0 25.0 23.0 14.0 23.0 14.0 19.0 10.0 21.0 25.0 13.0 10.0 21.0 20.0 17.0 18.0 11.0 18.0 10.0 18.0 18.0 11.0 11.0 14.0 17.0 20.0 24.0 13.0 21.0 11.0 10.0 19.0 17.0 20.0 17.0 24.0 14.0 25.0 21.0 23.0 10.0 15.0 17.0 10.0 13.0 17.0 24.0 24.0 11.0 18.0 21.0 21.0 16.0 13.0 21.0 14.0 15.0 18.0 20.0 24.0 18.0 22.0 12.0 24.0 15.0 23.0 19.0 22.0 12.0 21.0 20.0 878.5
21.0 16.0 15.0 13.0 16.0 20.0 15.0 12.0 17.0 16.0 14.0 22.0 23.0 21.0 17.0 24.0 23.0 10.0 18.0 25.0 11.0 24.0 20.0 13.0 15.0 20.0 24.0 24.0 24.0 17.0 18.0 12.0 24.0 17.0 13.0 13.0 22.0 13.0 14.0 15.0 22.0 22.0 22.0 15.0 23.0 23.0 19.0 20.0 17.0 19.0 22.0 10.0 16.0 22.0 16.0 12.0 10.0 18.0 12.0 11.0 14.0 23.0 23.0 22.0 11.0 17.0 11.0 17.0 20.0 19.0 15.0 20.0 10.0 17.0 13.0 19.0 11.0 20.0 25.0 12.0 20.0 13.0 20.0 23.0 20.0 10.0 22.0 20.0 14.0 18.0 13.0 16.0 18.0 23.0 10.0 10.0 22.0 11.0 23.0 12.0 869.5
21.0 20.0 10.0 15.0 14.0 18.0 24.0 25.0 24.0 25.0 11.0 13.0 18.0 13.0 18.0 20.0 13.0 25.0 21.0 12.0 11.0 13.0 14.0 20.0 20.0 17.0 19.0 16.0 23.0 10.0 16.0 11.0 16.0 17.0 12.0 22.0 23.0 25.0 22.0 17.0 17.0 21.0 23.0 25.0 16.0 12.0 25.0 24.0 12.0 24.0 13.0 22.0 24.0 15.0 23.0 20.0 10.0 19.0 15.0 16.0 11.0 19.0 25.0 20.0 14.0 20.0 22.0 18.0 20.0 14.0 22.0 14.0 11.0 22.0 25.0 16.0 25.0 15.0 15.0 20.0 23.0 22.0 13.0 15.0 14.0 17.0 13.0 19.0 19.0 11.0 24.0 10.0 24.0 13.0 22.0 10.0 15.0 12.0 10.0 14.0 884.0
21.0 25.0 12.0 12.0 13.0 11.0 20.0 10.0 21.0 22.0 14.0 18.0 16.0 15.0 19.0 25.0 10.0 12.0 16.0 25.0 25.0 24.0 19.0 10.0 21.0 16.0 18.0 21.0 17.0 12.0 18.0 10.0 23.0 22.0 22.0 24.0 22.0 10.0 23.0 21.0 24.0 23.0 15.0 15.0 17.0 11.0 12.0 11.0 19.0 11.0 13.0 23.0 25.0 16.0 24.0 14.0 11.0 21.0 24.0 23.0 19.0 25.0 19.0 16.0 15.0 15.0 12.0 12.0 14.0 23.0 16.0 19.0 18.0 16.0 22.0 20.0 17.0 16.0 17.0 14.0 21.0 24.0 17.0 13.0 16.0 25.0 23.0 19.0 14.0 13.0 22.0 25.0 24.0 23.0 23.0 24.0 19.0 14.0 21.0 17.0 904.5
17.0 11.0 20.0 15.0 21.0 21.0 11.0 11.0 21.0 15.0 21.0 23.0 17.0 15.0 17.0 10.0 13.0 17.0 21.0 18.0 23.0 18.0 20.0 16.0 16.0 17.0 19.0 14.0 25.0 23.0 15.0 15.0 13.0 20.0 23.0 21.0 24.0 12.0 13.0 22.0 16.0 16.0 12.0 25.0 25.0 21.0 25.0 12.0 16.0 22.0 16.0 13.0 25.0 24.0 24.0 24.0 11.0 12.0 22.0 21.0 16.0 21.0 13.0 15.0 23.0 14.0 20.0 20.0 25.0 20.0 10.0 16.0 19.0 15.0 20.0 15.0 25.0 19.0 18.0 17.0 22.0 22.0 23.0 15.0 12.0 20.0 23.0 22.0 24.0 17.0 16.0 20.0 24.0 15.0 11.0 25.0 18.0 23.0 10.0 20.0 914.5
17.0 20.0 22.0 10.0 17.0 15.0 22.0 17.0 21.0 21.0 20.0 19.0 18.0 19.0 10.0 16.0 17.0 20.0 11.0 23.0 25.0 17.0 10.0 21.0 17.0 11.0 16.0 19.0 10.0 20.0 14.0 15.0 23.0 16.0 18.0 11.0 11.0 16.0 19.0 18.0 14.0 21.0 17.0 17.0 16.0 20.0 12.0 20.0 18.0 20.0 23.0 10.0 18.0 11.0 18.0 16.0 19.0 16.0 12.0 10.0 23.0 19.0 15.0 14.0 16.0 12.0 10.0 13.0 10.0 16.0 22.0 13.0 13.0 25.0 15.0 16.0 21.0 20.0 23.0 20.0 21.0 20.0 22.0 19.0 11.0 19.0 10.0 12.0 16.0 20.0 13.0 19.0 13.0 22.0 20.0 10.0 11.0 10.0 19.0 22.0 837.5
18.0 17.0 15.0 18.0 20.0 24.0 21.0 16.0 14.0 11.0 15.0 14.0 23.0 16.0 17.0 20.0 21.0 15.0 24.0 12.0 17.0 17.0 16.0 18.0 13.0 14.0 23.0 18.0 19.0 14.0 20.0 23.0 25.0 16.0 11.0 25.0 15.0 11.0 17.0 14.0 11.0 10.0 21.0 19.0 15.0 23.0 16.0 22.0 10.0 19.0 20.0 22.0 20.0 20.0 19.0 23.0 22.0 22.0 12.0 13.0 23.0 15.0 12.0 22.0 10.0 10.0 17.0 21.0 23.0 21.0 16.0 10.0 18.0 24.0 17.0 14.0 10.0 18.0 24.0 17.0 10.0 25.0 19.0 18.0 17.0 17.0 24.0 15.0 20.0 17.0 22.0 18.0 15.0 12.0 23.0 11.0 17.0 20.0 14.0 21.0 876.5
18.0 15.0 21.0 10.0 16.0 24.0 23.0 21.0 23.0 17.0 11.0 25.0 12.0 18.0 17.0 15.0 20.0 25.0 19.0 14.0 11.0 15.0 16.0 17.0 24.0 18.0 16.0 12.0 18.0 25.0 18.0 14.0 16.0 22.0 10.0 24.0 18.0 15.0 20.0 11.0 13.0 12.0 15.0 14.0 17.0 14.0 21.0 13.0 17.0 22.0 22.0 17.0 24.0 20.0 25.0 19.0 15.0 21.0 17.0 21.0 14.0 20.0 12.0 13.0 25.0 24.0 25.0 18.0 14.0 25.0 15.0 13.0 24.0 23.0 14.0 24.0 25.0 14.0 16.0 21.0 13.0 25.0 22.0 16.0 15.0 11.0 14.0 16.0 20.0 19.0 15.0 23.0 16.0 11.0 17.0 22.0 17.0 17.0 13.0 14.0 889.0
17.0 24.0 24.0 20.0 11.0 16.0 16.0 25.0 23.0 12.0 16.0 12.0 24.0 24.0 16.0 24.0 13.0 15.0 21.0 16.0 19.0 23.0 19.0 23.0 21.0 12.0 13.0 17.0 15.0 23.0 12.0 21.0 23.0 11.0 17.0 10.0 18.0 24.0 22.0 23.0 15.0 11.0 21.0 19.0 12.0 16.0 23.0 17.0 19.0 25.0 11.0 11.0 22.0 10.0 25.0 24.0 25.0 10.0 23.0 14.0 17.0 23.0 23.0 10.0 23.0 18.0 10.0 12.0 14.0 12.0 11.0 20.0 11.0 17.0 11.0 25.0 17.0 21.0 21.0 18.0 22.0 10.0 20.0 11.0 23.0 18.0 15.0 16.0 20.0 23.0 12.0 11.0 20.0 23.0 18.0 13.0 22.0 20.0 18.0 12.0 884.5
23.0 21.0 19.0 21.0 24.0 25.0 16.0 14.0 17.0 24.0 18.0 18.0 12.0 14.0 24.0 24.0 20.0 19.0 13.0 22.0 11.0 14.0 10.0 11.0 16.0 21.0 17.0 11.0 13.0 12.0 18.0 11.0 11.0 21.0 15.0 13.0 20.0 22.0 20.0 22.0 18.0 13.0 11.0 25.0 12.0 13.0 22.0 22.0 18.0 23.0 19.0 25.0 10.0 12.0 22.0 16.0 16.0 21.0 25.0 17.0 11.0 12.0 13.0 18.0 11.0 13.0 10.0 19.0 11.0 22.0 21.0 14.0 12.0 18.0 23.0 21.0 25.0 24.0 10.0 12.0 25.0 20.0 13.0 25.0 23.0 23.0 11.0 24.0 15.0 11.0 19.0 23.0 16.0 12.0 23.0 13.0 18.0 17.0 13.0 23.0 872.0
23.0 22.0 18.0 17.0 19.0 13.0 12.0 13.0 23.0 15.0 15.0 14.0 10.0 17.0 12.0 23.0 16.0 25.0 11.0 13.0 23.0 10.0 18.0 25.0 12.0 21.0 15.0 18.0 14.0 18.0 22.0 23.0 22.0 10.0 11.0 15.0 24.0 23.0 12.0 19.0 20.0 22.0 11.0 10.0 23.0 17.0 21.0 13.0 20.0 21.0 18.0 12.0 14.0 14.0 17.0 16.0 23.0 19.0 25.0 11.0 12.0 13.0 20.0 12.0 25.0 16.0 20.0 13.0 23.0 20.0 24.0 25.0 20.0 25.0 20.0 11.0 21.0 19.0 20.0 10.0 12.0 21.0 10.0 25.0 25.0 24.0 16.0 23.0 22.0 22.0 24.0 15.0 24.0 13.0 17.0 12.0 17.0 23.0 16.0 17.0 890.0
19.0 10.0 12.0 12.0 23.0 19.0 11.0 22.0 25.0 15.0 18.0 11.0 24.0 23.0 20.0 13.0 23.0 19.0 22.0 25.0 21.0 18.0 21.0 13.0 11.0 23.0 22.0 17.0 10.0 19.0 18.0 12.0 24.0 10.0 11.0 17.0 17.0 11.0 16.0 21.0 21.0 10.0 23.0 14.0 17.0 10.0 12.0 10.0 10.0 19.0 20.0 11.0 25.0 13.0 11.0 12.0 23.0 14.0 20.0 16.0 24.0 23.0 10.0 24.0 24.0 19.0 16.0 24.0 16.0 14.0 23.0 11.0 13.0 25.0 12.0 23.0 12.0 10.0 14.0 13.0 19.0 20.0 21.0 23.0 12.0 12.0 21.0 13.0 17.0 15.0 21.0 21.0 21.0 10.0 25.0 16.0 25.0 10.0 19.0 15.0 857.5
14.0 20.0 13.0 17.0 24.0 18.0 23.0 20.0 17.0 25.0 18.0 23.0 11.0 21.0 21.0 21.0 23.0 17.0 25.0 20.0 23.0 22.0 17.0 12.0 18.0 13.0 23.0 25.0 25.0 25.0 15.0 10.0 16.0 19.0 17.0 13.0 20.0 19.0 19.0 20.0 25.0 19.0 22.0 24.0 22.0 25.0 21.0 12.0 10.0 25.0 15.0 20.0 23.0 16.0 11.0 11.0 12.0 11.0 22.0 16.0 11.0 22.0 24.0 25.0 14.0 21.0 23.0 24.0 16.0 14.0 25.0 19.0 19.0 20.0 15.0 24.0 11.0 15.0 16.0 18.0 16.0 12.0 25.0 24.0 21.0 17.0 23.0 24.0 20.0 19.0 23.0 13.0 10.0 15.0 24.0 17.0 15.0 19.0 20.0 20.0 938.5
25.0 18.0 15.0 17.0 17.0 21.0 16.0 22.0 16.0 10.0 16.0 14.0 17.0 16.0 11.0 24.0 16.0 10.0 12.0 22.0 23.0 10.0 11.0 19.0 22.0 25.0 22.0 25.0 18.0 16.0 16.0 17.0 25.0 21.0 24.0 13.0 16.0 19.0 11.0 15.0 11.0 10.0 14.0 11.0 13.0 16.0 15.0 17.0 11.0 16.0 15.0 19.0 13.0 12.0 19.0 24.0 15.0 18.0 18.0 24.0 18.0 22.0 21.0 19.0 13.0 10.0 10.0 23.0 21.0 25.0 12.0 18.0 21.0 17.0 16.0 10.0 24.0 19.0 19.0 13.0 14.0 12.0 13.0 25.0 21.0 16.0 15.0 12.0 16.0 22.0 15.0 18.0 19.0 10.0 24.0 22.0 18.0 13.0 11.0 22.0 851.5
21.0 14.0 11.0 19.0 10.0 13.0 14.0 19.0 11.0 13.0 17.0 12.0 11.0 20.0 17.0 19.0 10.0 25.0 25.0 24.0 11.0 23.0 17.0 14.0 18.0 11.0 17.0 10.0 13.0 13.0 15.0 18.0 14.0 11.0 16.0 12.0 12.0 11.0 25.0 25.0 25.0 14.0 14.0 18.0 17.0 25.0 23.0 21.0 23.0 16.0 13.0 23.0 21.0 17.0 25.0 12.0 24.0 24.0 18.0 17.0 10.0 13.0 19.0 17.0 14.0 18.0 25.0 17.0 20.0 23.0 16.0 11.0 18.0 12.0 10.0 10.0 14.0 20.0 11.0 12.0 14.0 23.0 13.0 15.0 18.0 24.0 23.0 22.0 21.0 13.0 23.0 19.0 10.0 10.0 24.0 10.0 20.0 22.0 22.0 25.0 851.0
19.0 22.0 22.0 22.0 23.0 17.0 16.0 24.0 11.0 21.0 21.0 13.0 23.0 17.0 14.0 13.0 22.0 21.0 15.0 16.0 23.0 10.0 16.0 12.0 21.0 23.0 12.0 14.0 11.0 23.0 14.0 25.0 17.0 15.0 25.0 16.0 15.0 16.0 18.0 18.0 25.0 11.0 17.0 16.0 25.0 16.0 13.0 18.0 19.0 20.0 10.0 20.0 16.0 12.0 25.0 12.0 11.0 25.0 16.0 25.0 15.0 11.0 25.0 23.0 11.0 19.0 23.0 24.0 24.0 24.0 14.0 24.0 24.0 16.0 12.0 24.0 17.0 11.0 25.0 21.0 20.0 21.0 19.0 25.0 16.0 18.0 22.0 22.0 19.0 10.0 14.0 25.0 19.0 15.0 11.0 12.0 18.0 19.0 16.0 22.0 909.0
16.0 13.0 23.0 25.0 25.0 17.0 21.0 17.0 24.0 11.0 20.0 12.0 16.0 15.0 11.0 16.0 10.0 13.0 22.0 12.0 21.0 12.0 25.0 13.0 16.0 14.0 20.0 21.0 11.0 24.0 13.0 24.0 11.0 10.0 11.0 16.0 11.0 17.0 14.0 21.0 24.0 13.0 11.0 20.0 23.0 22.0 14.0 17.0 20.0 10.0 23.0 17.0 13.0 21.0 25.0 21.0 19.0 25.0 19.0 15.0 23.0 18.0 13.0 20.0 10.0 16.0 11.0 25.0 13.0 12.0 10.0 16.0 23.0 11.0 19.0 21.0 10.0 22.0 20.0 23.0 18.0 14.0 20.0 22.0 22.0 14.0 11.0 20.0 10.0 11.0 25.0 14.0 18.0 19.0 23.0 10.0 11.0 12.0 21.0 22.0 854.5
22.0 12.0 16.0 18.0 24.0 15.0 24.0 19.0 12.0 15.0 18.0 25.0 25.0 15.0 10.0 20.0 12.0 13.0 19.0 20.0 17.0 23.0 23.0 14.0 14.0 20.0 22.0 13.0 24.0 20.0 11.0 16.0 14.0 16.0 22.0 15.0 13.0 10.0 24.0 24.0 20.0 18.0 15.0 24.0 17.0 17.0 16.0 18.0 13.0 22.0 16.0 12.0 10.0 19.0 24.0 18.0 10.0 16.0 21.0 19.0 23.0 13.0 24.0 19.0 19.0 12.0 15.0 24.0 18.0 23.0 16.0 11.0 10.0 12.0 22.0 14.0 12.0 12.0 22.0 22.0 21.0 18.0 15.0 17.0 18.0 19.0 14.0 22.0 22.0 25.0 24.0 15.0 23.0 13.0 11.0 11.0 12.0 23.0 23.0 19.0 881.0
21.0 12.0 18.0 25.0 18.0 13.0 24.0 25.0 13.0 24.0 13.0 21.0 24.0 16.0 17.0 14.0 15.0 25.0 23.0 23.0 11.0 25.0 19.0 14.0 12.0 20.0 11.0 24.0 20.0 25.0 25.0 13.0 17.0 14.0 23.0 14.0 23.0 14.0 23.0 23.0 17.0 20.0 14.0 22.0 24.0 12.0 11.0 18.0 14.0 10.0 12.0 11.0 24.0 11.0 18.0 22.0 20.0 21.0 24.0 23.0 13.0 19.0 10.0 24.0 11.0 17.0 24.0 12.0 19.0 24.0 12.0 12.0 23.0 23.0 11.0 18.0 21.0 15.0 19.0 17.0 21.0 14.0 19.0 24.0 22.0 14.0 15.0 13.0 18.0 11.0 22.0 22.0 18.0 25.0 16.0 20.0 17.0 15.0 19.0 20.0 905.5
17.0 11.0 16.0 10.0 19.0 25.0 17.0 12.0 24.0 14.0 10.0 13.0 12.0 13.0 10.0 22.0 13.0 16.0 10.0 17.0 17.0 11.0 18.0 12.0 12.0 10.0 10.0 15.0 11.0 10.0 14.0 13.0 12.0 21.0 13.0 18.0 15.0 23.0 20.0 24.0 16.0 12.0 25.0 12.0 13.0 19.0 13.0 11.0 15.0 20.0 12.0 25.0 24.0 16.0 22.0 25.0 25.0 17.0 14.0 22.0 17.0 24.0 13.0 20.0 15.0 13.0 24.0 20.0 19.0 20.0 22.0 24.0 23.0 14.0 18.0 25.0 16.0 19.0 20.0 21.0 22.0 21.0 22.0 25.0 11.0 15.0 22.0 20.0 23.0 13.0 23.0 24.0 13.0 14.0 24.0 23.0 13.0 17.0 24.0 17.0 865.5
21.0 18.0 13.0 13.0 18.0 14.0 23.0 13.0 12.0 12.0 25.0 21.0 22.0 15.0 10.0 11.0 16.0 25.0 18.0 24.0 20.0 24.0 21.0 15.0 25.0 11.0 13.0 18.0 12.0 24.0 25.0 24.0 24.0 17.0 23.0 20.0 20.0 17.0 12.0 14.0 18.0 24.0 20.0 16.0 18.0 15.0 15.0 18.0 11.0 22.0 18.0 21.0 14.0 15.0 25.0 21.0 12.0 19.0 18.0 12.0 18.0 14.0 12.0 16.0 12.0 17.0 16.0 24.0 15.0 11.0 25.0 23.0 25.0 15.0 24.0 18.0 10.0 22.0 10.0 19.0 18.0 22.0 19.0 10.0 15.0 22.0 15.0 18.0 18.0 18.0 21.0 15.0 19.0 19.0 13.0 19.0 10.0 16.0 23.0 19.0 885.0
13.0 10.0 16.0 17.0 10.0 25.0 13.0 14.0 14.0 16.0 19.0 15.0 10.0 16.0 11.0 10.0 13.0 12.0 10.0 17.0 25.0 23.0 21.0 14.0 13.0 21.0 11.0 14.0 14.0 11.0 15.0 15.0 12.0 16.0 21.0 24.0 10.0 16.0 13.0 10.0 20.0 23.0 17.0 13.0 10.0 25.0 21.0 11.0 11.0 21.0 23.0 15.0 19.0 13.0 18.0 23.0 17.0 23.0 15.0 20.0 14.0 18.0 24.0 23.0 11.0 11.0 11.0 16.0 14.0 24.0 18.0 24.0 22.0 24.0 25.0 19.0 14.0 10.0 18.0 21.0 16.0 14.0 24.0 19.0 13.0 21.0 14.0 17.0 25.0 23.0 18.0 24.0 13.0 25.0 25.0 19.0 18.0 16.0 19.0 22.0 852.0
11.0 14.0 19.0 21.0 21.0 11.0 22.0 21.0 16.0 24.0 14.0 12.0 25.0 12.0 16.0 13.0 11.0 21.0 19.0 17.0 23.0 18.0 16.0 25.0 20.0 15.0 18.0 17.0 17.0 19.0 20.0 16.0 15.0 23.0 20.0 19.0 19.0 18.0 15.0 18.0 14.0 19.0 12.0 14.0 18.0 16.0 19.0 23.0 16.0 14.0 12.0 17.0 12.0 15.0 19.0 25.0 13.0 25.0 14.0 24.0 21.0 11.0 11.0 20.0 19.0 17.0 11.0 24.0 15.0 25.0 15.0 24.0 15.0 10.0 12.0 16.0 20.0 24.0 19.0 17.0 19.0 17.0 23.0 15.0 10.0 18.0 22.0 22.0 21.0 20.0 16.0 19.0 12.0 18.0 10.0 16.0 12.0 18.0 25.0 23.0 877.0
14.0 14.0 16.0 22.0 12.0 24.0 11.0 25.0 16.0 24.0 22.0 22.0 16.0 20.0 19.0 13.0 10.0 24.0 11.0 17.0 22.0 17.0 13.0 12.0 19.0 14.0 22.0 25.0 17.0 16.0 10.0 13.0 22.0 23.0 18.0 16.0 10.0 22.0 21.0 19.0 20.0 20.0 18.0 23.0 25.0 24.0 19.0 12.0 19.0 14.0 23.0 21.0 16.0 11.0 15.0 21.0 18.0 25.0 25.0 10.0 17.0 18.0 16.0 15.0 22.0 24.0 18.0 17.0 24.0 17.0 18.0 18.0 19.0 15.0 13.0 17.0 10.0 18.0 15.0 21.0 16.0 13.0 15.0 16.0 12.0 11.0 14.0 18.0 14.0 21.0 15.0 17.0 24.0 15.0 25.0 17.0 19.0 10.0 22.0 23.0 885.5
25.0 15.0 15.0 12.0 20.0 20.0 15.0 20.0 19.0 10.0 20.0 21.0 17.0 19.0 14.0 11.0 23.0 23.0 18.0 21.0 10.0 15.0 17.0 24.0 13.0 22.0 21.0 10.0 12.0 19.0 10.0 17.0 12.0 15.0 18.0 21.0 25.0 22.0 15.0 22.0 10.0 13.0 18.0 24.0 18.0 11.0 24.0 16.0 17.0 11.0 16.0 20.0 20.0 10.0 18.0 13.0 12.0 11.0 23.0 24.0 16.0 16.0 10.0 24.0 14.0 17.0 16.0 12.0 16.0 11.0 18.0 23.0 13.0 15.0 25.0 22.0 22.0 11.0 17.0 21.0 10.0 21.0 20.0 17.0 23.0 24.0 17.0 12.0 15.0 16.0 11.0 25.0 23.0 11.0 13.0 17.0 23.0 12.0 13.0 13.0 851.0
18.0 10.0 15.0 25.0 20.0 19.0 13.0 13.0 17.0 22.0 21.0 14.0 13.0 13.0 25.0 11.0 16.0 10.0 20.0 23.0 16.0 21.0 15.0 13.0 23.0 21.0 23.0 19.0 20.0 12.0 20.0 14.0 10.0 14.0 13.0 22.0 23.0 25.0 23.0 19.0 14.0 22.0 20.0 19.0 25.0 11.0 16.0 16.0 10.0 21.0 16.0 19.0 14.0 19.0 19.0 17.0 14.0 20.0 16.0 14.0 23.0 24.0 22.0 21.0 21.0 20.0 25.0 24.0 22.0 10.0 17.0 11.0 19.0 14.0 13.0 22.0 22.0 17.0 18.0 24.0 13.0 11.0 13.0 16.0 16.0 19.0 23.0 12.0 15.0 20.0 18.0 21.0 11.0 18.0 18.0 21.0 16.0 25.0 14.0 12.0 883.5
19.0 22.0 20.0 21.0 11.0 16.0 20.0 16.0 21.0 24.0 14.0 18.0 20.0 17.0 13.0 24.0 12.0 17.0 10.0 12.0 12.0 24.0 23.0 20.0 20.0 11.0 10.0 19.0 11.0 15.0 12.0 17.0 21.0 10.0 12.0 24.0 18.0 24.0 14.0 18.0 18.0 18.0 12.0 24.0 10.0 10.0 11.0 24.0 23.0 19.0 18.0 20.0 11.0 24.0 17.0 11.0 21.0 20.0 12.0 17.0 22.0 10.0 16.0 24.0 17.0 24.0 18.0 22.0 11.0 22.0 19.0 11.0 19.0 10.0 16.0 16.0 21.0 20.0 18.0 19.0 24.0 24.0 24.0 22.0 16.0 12.0 10.0 10.0 16.0 21.0 22.0 18.0 25.0 12.0 23.0 10.0 22.0 24.0 17.0 10.0 869.5
14.0 25.0 14.0 10.0 16.0 23.0 18.0 17.0 18.0 12.0 22.0 10.0 12.0 14.0 17.0 18.0 10.0 19.0 16.0 15.0 22.0 17.0 19.0 12.0 10.0 22.0 15.0 13.0 25.0 11.0 25.0 11.0 19.0 20.0 20.0 19.0 24.0 21.0 16.0 21.0 23.0 15.0 11.0 17.0 11.0 19.0 10.0 13.0 13.0 13.0 14.0 21.0 17.0 23.0 14.0 21.0 11.0 18.0 20.0 23.0 25.0 23.0 17.0 14.0 23.0 22.0 18.0 21.0 20.0 19.0 12.0 18.0 12.0 25.0 16.0 17.0 13.0 16.0 10.0 22.0 17.0 17.0 23.0 19.0 17.0 23.0 15.0 12.0 25.0 18.0 20.0 12.0 13.0 13.0 21.0 25.0 20.0 16.0 22.0 19.0 869.5
17.0 18.0 15.0 25.0 23.0 14.0 10.0 25.0 23.0 16.0 15.0 21.0 20.0 24.0 14.0 23.0 25.0 20.0 25.0 24.0 12.0 20.0 22.0 10.0 18.0 12.0 24.0 24.0 13.0 23.0 17.0 25.0 17.0 10.0 14.0 10.0 16.0 22.0 24.0 10.0 16.0 14.0 25.0 10.0 14.0 15.0 20.0 23.0 20.0 18.0 19.0 15.0 10.0 21.0 14.0 24.0 17.0 25.0 24.0 11.0 13.0 12.0 18.0 24.0 16.0 17.0 15.0 15.0 25.0 19.0 22.0 14.0 24.0 21.0 23.0 20.0 17.0 19.0 16.0 18.0 10.0 17.0 25.0 18.0 13.0 17.0 18.0 18.0 23.0 12.0 15.0 24.0 23.0 20.0 13.0 15.0 12.0 10.0 22.0 24.0 906.0
25.0 24.0 21.0 11.0 11.0 18.0 13.0 16.0 24.0 20.0 16.0 17.0 12.0 13.0 14.0 11.0 16.0 12.0 18.0 10.0 10.0 12.0 16.0 23.0 20.0 17.0 10.0 18.0 22.0 12.0 11.0 17.0 20.0 23.0 18.0 11.0 13.0 15.0 22.0 12.0 15.0 14.0 21.0 18.0 15.0 11.0 23.0 13.0 12.0 19.0 11.0 20.0 23.0 21.0 15.0 19.0 13.0 13.0 22.0 11.0 21.0 24.0 18.0 23.0 10.0 23.0 14.0 18.0 24.0 13.0 13.0 17.0 21.0 16.0 10.0 24.0 22.0 16.0 25.0 24.0 22.0 14.0 23.0 22.0 10.0 18.0 18.0 23.0 21.0 23.0 19.0 19.0 21.0 11.0 10.0 15.0 19.0 15.0 25.0 14.0 855.5
14.0 11.0 14.0 23.0 20.0 16.0 11.0 23.0 15.0 20.0 24.0 14.0 16.0 15.0 17.0 18.0 19.0 22.0 15.0 20.0 12.0 13.0 10.0 15.0 13.0 11.0 15.0 18.0 15.0 19.0 23.0 15.0 22.0 21.0 17.0 13.0 18.0 15.0 18.0 22.0 25.0 21.0 10.0 20.0 12.0 20.0 21.0 17.0 13.0 14.0 18.0 20.0 14.0 15.0 22.0 15.0 21.0 15.0 19.0 19.0 24.0 12.0 22.0 19.0 20.0 23.0 21.0 19.0 20.0 16.0 14.0 15.0 13.0 19.0 18.0 18.0 16.0 24.0 17.0 20.0 17.0 17.0 22.0 13.0 21.0 11.0 16.0 20.0 10.0 10.0 17.0 16.0 20.0 19.0 16.0 15.0 20.0 19.0 16.0 19.0 863.5
24.0 14.0 18.0 23.0 17.0 16.0 13.0 24.0 23.0 13.0 20.0 19.0 23.0 20.0 17.0 21.0 11.0 11.0 15.0 17.0 25.0 21.0 13.0 11.0 21.0 13.0 14.0 15.0 16.0 12.0 12.0 14.0 20.0 17.0 13.0 15.0 16.0 20.0 24.0 18.0 21.0 17.0 20.0 24.0 17.0 11.0 14.0 19.0 16.0 25.0 14.0 12.0 15.0 25.0 17.0 24.0 19.0 14.0 10.0 15.0 15.0 24.0 13.0 17.0 14.0 20.0 13.0 13.0 14.0 20.0 13.0 22.0 10.0 23.0 17.0 15.0 20.0 19.0 20.0 11.0 16.0 11.0 20.0 23.0 10.0 20.0 21.0 24.0 10.0 21.0 11.0 15.0 13.0 17.0 16.0 11.0 18.0 12.0 22.0 10.0 846.0
22.0 22.0 23.0 19.0 20.0 25.0 20.0 23.0 20.0 22.0 15.0 21.0 15.0 11.0 17.0 25.0 24.0 24.0 11.0 18.0 12.0 17.0 21.0 20.0 19.0 12.0 23.0 25.0 23.0 23.0 24.0 21.0 12.0 17.0 11.0 23.0 23.0 13.0 14.0 20.0 13.0 11.0 22.0 12.0 15.0 14.0 21.0 19.0 12.0 22.0 24.0 25.0 17.0 14.0 13.0 20.0 15.0 23.0 21.0 15.0 17.0 16.0 19.0 20.0 25.0 10.0 21.0 18.0 24.0 17.0 20.0 14.0 21.0 22.0 22.0 12.0 10.0 20.0 16.0 18.0 15.0 15.0 19.0 21.0 14.0 13.0 19.0 19.0 14.0 11.0 19.0 16.0 13.0 24.0 19.0 15.0 18.0 19.0 25.0 15.0 911.5
18.0 19.0 15.0 18.0 22.0 24.0 16.0 20.0 22.0 22.0 22.0 14.0 21.0 17.0 20.0 13.0 18.0 17.0 15.0 22.0 23.0 16.0 20.0 10.0 19.0 21.0 21.0 15.0 20.0 18.0 10.0 10.0 21.0 22.0 16.0 10.0 17.0 16.0 16.0 24.0 10.0 22.0 19.0 13.0 22.0 14.0 13.0 22.0 11.0 18.0 24.0 19.0 19.0 20.0 18.0 11.0 24.0 13.0 19.0 13.0 19.0 14.0 10.0 24.0 25.0 13.0 15.0 18.0 22.0 12.0 25.0 23.0 17.0 21.0 18.0 17.0 25.0 25.0 21.0 22.0 10.0 20.0 16.0 23.0 12.0 23.0 15.0 19.0 17.0 23.0 19.0 17.0 22.0 24.0 15.0 25.0 25.0 11.0 17.0 25.0 914.0
21.0 10.0 22.0 14.0 11.0 25.0 19.0 14.0 14.0 20.0 22.0 17.0 10.0 10.0 10.0 14.0 21.0 24.0 17.0 20.0 15.0 17.0 14.0 18.0 11.0 22.0 23.0 11.0 20.0 18.0 21.0 15.0 24.0 24.0 18.0 25.0 22.0 16.0 25.0 18.0 16.0 14.0 23.0 11.0 13.0 10.0 16.0 25.0 23.0 12.0 14.0 18.0 23.0 12.0 18.0 12.0 21.0 18.0 13.0 19.0 16.0 21.0 13.0 21.0 24.0 18.0 11.0 12.0 19.0 13.0 25.0 14.0 15.0 12.0 16.0 25.0 25.0 19.0 12.0 13.0 21.0 19.0 21.0 14.0 20.0 18.0 10.0 20.0 12.0 22.0 15.0 13.0 18.0 13.0 20.0 10.0 14.0 25.0 16.0 17.0 862.5
16.0 20.0 25.0 22.0 17.0 10.0 20.0 23.0 16.0 18.0 15.0 22.0 10.0 20.0 17.0 18.0 17.0 24.0 25.0 22.0 15.0 22.0 17.0 19.0 15.0 18.0 20.0 11.0 20.0 17.0 10.0 14.0 18.0 18.0 18.0 22.0 22.0 18.0 13.0 21.0 14.0 17.0 24.0 11.0 16.0 17.0 21.0 12.0 24.0 14.0 14.0 19.0 24.0 11.0 20.0 25.0 17.0 23.0 15.0 20.0 25.0 22.0 21.0 11.0 22.0 20.0 25.0 13.0 10.0 13.0 22.0 22.0 10.0 10.0 20.0 20.0 24.0 19.0 21.0 18.0 23.0 23.0 17.0 12.0 18.0 18.0 20.0 19.0 19.0 12.0 15.0 18.0 24.0 17.0 14.0 21.0 17.0 11.0 11.0 16.0 898.0
13.0 16.0 22.0 18.0 12.0 11.0 10.0 23.0 15.0 16.0 24.0 18.0 14.0 10.0 12.0 20.0 19.0 24.0 15.0 24.0 10.0 18.0 16.0 22.0 16.0 24.0 18.0 22.0 14.0 17.0 16.0 15.0 22.0 18.0 11.0 22.0 10.0 20.0 24.0 11.0 21.0 16.0 13.0 17.0 11.0 18.0 14.0 13.0 13.0 22.0 18.0 17.0 24.0 24.0 19.0 11.0 22.0 17.0 12.0 13.0 11.0 20.0 18.0 22.0 10.0 19.0 18.0 22.0 24.0 23.0 16.0 23.0 13.0 11.0 16.0 20.0 22.0 15.0 23.0 20.0 12.0 20.0 17.0 14.0 15.0 16.0 21.0 25.0 25.0 18.0 17.0 22.0 24.0 21.0 21.0 14.0 10.0 23.0 21.0 20.0 879.5
21.0 21.0 16.0 19.0 22.0 22.0 20.0 19.0 15.0 17.0 20.0 24.0 14.0 12.0 18.0 15.0 25.0 10.0 12.0 24.0 21.0 19.0 13.0 10.0 13.0 25.0 25.0 15.0 15.0 10.0 21.0 21.0 22.0 15.0 22.0 17.0 18.0 20.0 16.0 18.0 21.0 12.0 10.0 18.0 13.0 10.0 20.0 21.0 14.0 18.0 22.0 16.0 23.0 12.0 14.0 12.0 14.0 14.0 15.0 14.0 15.0 20.0 23.0 10.0 12.0 13.0 12.0 18.0 20.0 23.0 13.0 11.0 17.0 13.0 13.0 21.0 16.0 24.0 15.0 16.0 16.0 19.0 11.0 14.0 10.0 23.0 24.0 15.0 22.0 17.0 17.0 17.0 23.0 25.0 19.0 15.0 14.0 15.0 15.0 15.0 853.0
14.0 19.0 20.0 17.0 21.0 22.0 20.0 17.0 10.0 24.0 18.0 20.0 24.0 18.0 18.0 10.0 14.0 10.0 10.0 21.0 24.0 15.0 17.0 19.0 17.0 15.0 18.0 15.0 23.0 21.0 19.0 18.0 19.0 23.0 16.0 25.0 23.0 19.0 18.0 25.0 23.0 12.0 17.0 14.0 18.0 15.0 15.0 11.0 19.0 17.0 14.0 17.0 22.0 10.0 24.0 18.0 15.0 25.0 17.0 12.0 16.0 11.0 16.0 10.0 22.0 13.0 19.0 24.0 21.0 21.0 23.0 25.0 13.0 25.0 10.0 15.0 10.0 14.0 19.0 17.0 23.0 25.0 17.0 11.0 14.0 17.0 18.0 20.0 19.0 12.0 21.0 20.0 17.0 11.0 23.0 17.0 24.0 24.0 17.0 13.0 889.0
21.0 20.0 23.0 18.0 15.0 13.0 22.0 14.0 24.0 18.0 11.0 25.0 21.0 10.0 23.0 18.0 16.0 19.0 17.0 25.0 10.0 22.0 23.0 21.0 25.0 10.0 11.0 20.0 21.0 15.0 21.0 15.0 10.0 16.0 19.0 18.0 22.0 25.0 25.0 19.0 15.0 19.0 21.0 16.0 18.0 18.0 18.0 22.0 21.0 22.0 15.0 19.0 11.0 15.0 24.0 20.0 11.0 15.0 14.0 24.0 12.0 21.0 13.0 10.0 15.0 15.0 19.0 19.0 20.0 10.0 19.0 16.0 22.0 20.0 21.0 14.0 25.0 23.0 24.0 25.0 16.0 19.0 16.0 12.0 21.0 13.0 23.0 15.0 15.0 20.0 18.0 21.0 16.0 24.0 17.0 20.0 19.0 10.0 22.0 22.0 910.5
16.0 11.0 12.0 22.0 10.0 20.0 13.0 19.0 17.0 25.0 13.0 24.0 15.0 25.0 19.0 13.0 15.0 16.0 23.0 11.0 13.0 12.0 22.0 20.0 19.0 11.0 18.0 14.0 20.0 10.0 16.0 11.0 11.0 15.0 14.0 16.0 10.0 10.0 23.0 12.0 19.0 21.0 25.0 19.0 10.0 12.0 24.0 10.0 14.0 19.0 25.0 10.0 16.0 16.0 15.0 10.0 22.0 18.0 13.0 17.0 18.0 16.0 17.0 24.0 23.0 10.0 13.0 10.0 22.0 13.0 19.0 20.0 10.0 16.0 13.0 11.0 18.0 20.0 21.0 16.0 21.0 19.0 16.0 25.0 18.0 17.0 12.0 12.0 13.0 10.0 22.0 10.0 22.0 24.0 13.0 10.0 14.0 14.0 19.0 18.0 815.0
24.0 23.0 14.0 11.0 21.0 19.0 25.0 17.0 22.0 12.0 24.0 10.0 16.0 13.0 16.0 14.0 19.0 25.0 22.0 12.0 19.0 13.0 23.0 11.0 12.0 21.0 14.0 10.0 19.0 16.0 18.0 11.0 16.0 10.0 21.0 14.0 16.0 12.0 12.0 14.0 20.0 16.0 18.0 17.0 13.0 21.0 12.0 19.0 17.0 14.0 11.0 24.0 21.0 19.0 21.0 12.0 13.0 16.0 14.0 16.0 23.0 17.0 13.0 18.0 10.0 23.0 16.0 11.0 19.0 19.0 11.0 17.0 19.0 24.0 21.0 18.0 22.0 14.0 12.0 14.0 12.0 11.0 16.0 17.0 14.0 24.0 22.0 16.0 12.0 22.0 21.0 16.0 12.0 19.0 24.0 17.0 24.0 17.0 16.0 20.0 844.0
20.0 18.0 21.0 17.0 12.0 25.0 18.0 19.0 23.0 23.0 18.0 20.0 20.0 13.0 17.0 13.0 13.0 17.0 20.0 20.0 21.0 23.0 18.0 20.0 10.0 15.0 20.0 16.0 11.0 23.0 13.0 13.0 22.0 11.0 19.0 24.0 25.0 10.0 16.0 25.0 16.0 13.0 25.0 20.0 17.0 18.0 19.0 20.0 15.0 20.0 20.0 21.0 24.0 18.0 12.0 20.0 21.0 21.0 18.0 21.0 17.0 25.0 23.0 19.0 19.0 23.0 16.0 23.0 19.0 12.0 11.0 20.0 14.0 20.0 21.0 11.0 12.0 24.0 22.0 17.0 20.0 15.0 11.0 16.0 17.0 15.0 12.0 12.0 24.0 20.0 25.0 18.0 19.0 19.0 18.0 13.0 24.0 22.0 11.0 12.0 906.0
13.0 11.0 23.0 13.0 20.0 18.0 25.0 24.0 13.0 10.0 12.0 12.0 18.0 16.0 22.0 22.0 11.0 19.0 22.0 23.0 19.0 25.0 13.0 15.0 23.0 17.0 19.0 25.0 16.0 25.0 23.0 23.0 11.0 13.0 23.0 10.0 10.0 18.0 25.0 17.0 22.0 23.0 22.0 13.0 13.0 24.0 15.0 21.0 13.0 25.0 24.0 14.0 19.0 23.0 12.0 11.0 25.0 21.0 12.0 24.0 10.0 17.0 23.0 15.0 21.0 21.0 19.0 17.0 14.0 20.0 11.0 24.0 24.0 12.0 24.0 17.0 14.0 16.0 20.0 21.0 22.0 23.0 23.0 19.0 12.0 16.0 14.0 11.0 23.0 13.0 13.0 24.0 20.0 17.0 24.0 24.0 22.0 24.0 11.0 10.0 909.0
19.0 19.0 17.0 11.0 13.0 24.0 13.0 23.0 14.0 20.0 12.0 18.0 12.0 22.0 20.0 14.0 11.0 11.0 10.0 12.0 19.0 21.0 12.0 25.0 25.0 15.0 11.0 15.0 23.0 11.0 20.0 25.0 10.0 10.0 16.0 19.0 16.0 22.0 12.0 20.0 14.0 10.0 17.0 20.0 11.0 20.0 16.0 13.0 19.0 18.0 12.0 11.0 19.0 11.0 17.0 23.0 11.0 19.0 10.0 12.0 23.0 11.0 20.0 12.0 22.0 10.0 24.0 18.0 23.0 19.0 17.0 19.0 20.0 18.0 15.0 22.0 22.0 20.0 24.0 24.0 21.0 24.0 20.0 16.0 15.0 25.0 20.0 21.0 15.0 21.0 12.0 12.0 20.0 24.0 12.0 21.0 19.0 14.0 17.0 19.0 858.0
16.0 18.0 15.0 11.0 23.0 10.0 20.0 22.0 16.0 15.0 14.0 10.0 16.0 21.0 24.0 25.0 13.0 17.0 23.0 23.0 17.0 10.0 14.0 15.0 19.0 10.0 23.0 21.0 15.0 21.0 25.0 13.0 17.0 24.0 20.0 15.0 17.0 13.0 13.0 23.0 17.0 22.0 17.0 23.0 25.0 13.0 15.0 10.0 10.0 21.0 17.0 21.0 24.0 24.0 13.0 20.0 21.0 11.0 14.0 14.0 17.0 21.0 14.0 18.0 12.0 20.0 17.0 21.0 19.0 16.0 25.0 19.0 21.0 25.0 14.0 23.0 12.0 17.0 21.0 21.0 13.0 12.0 12.0 23.0 13.0 17.0 10.0 13.0 25.0 13.0 21.0 13.0 24.0 12.0 17.0 14.0 23.0 22.0 15.0 11.0 872.5
10.0 17.0 10.0 16.0 13.0 16.0 15.0 23.0 22.0 10.0 16.0 24.0 17.0 18.0 12.0 14.0 16.0 20.0 17.0 21.0 16.0 17.0 11.0 24.0 11.0 12.0 19.0 18.0 10.0 12.0 19.0 16.0 19.0 23.0 12.0 18.0 14.0 22.0 17.0 11.0 12.0 19.0 16.0 20.0 16.0 22.0 16.0 12.0 23.0 24.0 15.0 14.0 18.0 19.0 19.0 22.0 15.0 24.0 11.0 17.0 24.0 22.0 21.0 21.0 10.0 25.0 24.0 19.0 13.0 17.0 19.0 23.0 18.0 20.0 14.0 13.0 18.0 17.0 16.0 14.0 11.0 12.0 16.0 21.0 11.0 24.0 14.0 11.0 15.0 10.0 12.0 12.0 21.0 10.0 21.0 11.0 24.0 10.0 17.0 19.0 836.0
11.0 23.0 24.0 16.0 10.0 14.0 17.0 22.0 14.0 11.0 12.0 17.0 14.0 21.0 25.0 24.0 14.0 11.0 23.0 16.0 20.0 19.0 14.0 25.0 22.0 15.0 20.0 13.0 23.0 19.0 22.0 25.0 11.0 16.0 23.0 23.0 13.0 20.0 22.0 24.0 19.0 14.0 23.0 13.0 15.0 19.0 12.0 13.0 22.0 23.0 11.0 11.0 10.0 12.0 18.0 10.0 19.0 23.0 11.0 24.0 17.0 22.0 24.0 25.0 20.0 14.0 20.0 23.0 21.0 24.0 16.0 10.0 23.0 12.0 25.0 18.0 23.0 21.0 19.0 20.0 14.0 25.0 13.0 20.0 20.0 19.0 14.0 23.0 25.0 22.0 18.0 19.0 11.0 23.0 14.0 20.0 22.0 24.0 20.0 23.0 918.0
18.0 10.0 18.0 23.0 13.0 23.0 10.0 20.0 19.0 19.0 22.0 21.0 24.0 13.0 25.0 11.0 18.0 24.0 21.0 20.0 18.0 25.0 19.0 18.0 22.0 20.0 24.0 16.0 12.0 25.0 24.0 17.0 12.0 11.0 21.0 15.0 11.0 11.0 18.0 24.0 10.0 21.0 14.0 21.0 18.0 12.0 25.0 10.0 13.0 12.0 19.0 19.0 11.0 24.0 21.0 22.0 25.0 15.0 22.0 23.0 24.0 18.0 10.0 13.0 16.0 25.0 15.0 20.0 21.0 11.0 18.0 13.0 20.0 21.0 11.0 25.0 21.0 19.0 22.0 22.0 10.0 12.0 23.0 20.0 20.0 19.0 22.0 22.0 18.0 24.0 10.0 11.0 22.0 20.0 25.0 11.0 10.0 12.0 11.0 18.0 898.5
14.0 16.0 21.0 15.0 14.0 21.0 10.0 10.0 14.0 12.0 25.0 21.0 21.0 19.0 23.0 13.0 24.0 20.0 21.0 15.0 13.0 22.0 14.0 17.0 17.0 14.0 13.0 24.0 14.0 21.0 23.0 12.0 14.0 20.0 16.0 23.0 23.0 24.0 14.0 21.0 21.0 20.0 16.0 24.0 21.0 15.0 12.0 12.0 23.0 21.0 19.0 12.0 19.0 12.0 12.0 12.0 24.0 23.0 22.0 23.0 10.0 13.0 24.0 18.0 13.0 16.0 24.0 25.0 18.0 11.0 17.0 22.0 23.0 24.0 11.0 22.0 12.0 11.0 20.0 13.0 21.0 13.0 18.0 25.0 10.0 23.0 15.0 11.0 19.0 25.0 25.0 13.0 15.0 11.0 14.0 16.0 16.0 11.0 24.0 19.0 881.0
14.0 22.0 19.0 14.0 15.0 25.0 24.0 17.0 13.0 15.0 12.0 19.0 11.0 24.0 24.0 13.0 11.0 15.0 16.0 20.0 23.0 22.0 21.0 25.0 20.0 22.0 10.0 10.0 22.0 19.0 14.0 15.0 14.0 10.0 24.0 13.0 17.0 22.0 11.0 10.0 23.0 18.0 20.0 18.0 19.0 18.0 24.0 25.0 10.0 12.0 12.0 11.0 14.0 23.0 11.0 14.0 14.0 24.0 23.0 15.0 16.0 25.0 13.0 20.0 17.0 17.0 15.0 15.0 13.0 19.0 17.0 23.0 18.0 10.0 22.0 11.0 23.0 14.0 20.0 19.0 19.0 23.0 24.0 13.0 21.0 22.0 22.0 15.0 17.0 19.0 14.0 20.0 23.0 24.0 13.0 10.0 11.0 20.0 25.0 19.0 878.0
14.0 13.0 15.0 12.0 25.0 23.0 19.0 17.0 17.0 12.0 14.0 18.0 22.0 18.0 25.0 25.0 13.0 14.0 22.0 17.0 17.0 14.0 11.0 18.0 18.0 25.0 11.0 19.0 11.0 18.0 15.0 21.0 23.0 13.0 15.0 19.0 21.0 24.0 16.0 11.0 17.0 17.0 17.0 14.0 21.0 17.0 20.0 15.0 14.0 24.0 21.0 20.0 24.0 17.0 23.0 14.0 23.0 19.0 17.0 25.0 15.0 15.0 15.0 13.0 15.0 15.0 16.0 17.0 24.0 23.0 23.0 13.0 24.0 10.0 21.0 24.0 10.0 21.0 17.0 20.0 21.0 12.0 21.0 11.0 18.0 10.0 21.0 22.0 24.0 21.0 23.0 11.0 19.0 23.0 10.0 15.0 18.0 15.0 21.0 16.0 888.5
10.0 14.0 19.0 15.0 18.0 25.0 12.0 25.0 10.0 11.0 14.0 15.0 13.0 24.0 11.0 18.0 12.0 23.0 16.0 23.0 10.0 18.0 19.0 23.0 25.0 10.0 21.0 25.0 25.0 14.0 24.0 17.0 14.0 17.0 14.0 10.0 12.0 12.0 16.0 25.0 22.0 14.0 13.0 21.0 17.0 19.0 12.0 25.0 21.0 14.0 14.0 20.0 10.0 20.0 24.0 14.0 11.0 19.0 20.0 23.0 24.0 25.0 23.0 10.0 12.0 21.0 17.0 15.0 25.0 11.0 11.0 14.0 17.0 16.0 21.0 13.0 10.0 14.0 18.0 25.0 19.0 23.0 10.0 19.0 12.0 17.0 15.0 21.0 10.0 14.0 24.0 24.0 22.0 17.0 15.0 20.0 13.0 13.0 15.0 15.0 856.0
25.0 21.0 19.0 18.0 25.0 12.0 21.0 16.0 24.0 16.0 23.0 19.0 17.0 20.0 25.0 19.0 21.0 21.0 20.0 21.0 18.0 21.0 14.0 10.0 14.0 14.0 16.0 17.0 18.0 21.0 17.0 20.0 18.0 18.0 15.0 16.0 13.0 17.0 21.0 17.0 23.0 23.0 14.0 23.0 23.0 14.0 18.0 19.0 12.0 18.0 13.0 24.0 12.0 21.0 13.0 11.0 12.0 17.0 11.0 22.0 14.0 23.0 18.0 16.0 15.0 25.0 13.0 13.0 17.0 22.0 18.0 18.0 15.0 17.0 21.0 24.0 14.0 17.0 22.0 19.0 11.0 15.0 20.0 14.0 21.0 10.0 11.0 24.0 10.0 13.0 15.0 12.0 15.0 25.0 23.0 12.0 13.0 20.0 24.0 11.0 880.5
14.0 25.0 15.0 19.0 12.0 19.0 12.0 14.0 18.0 20.0 19.0 11.0 22.0 22.0 16.0 10.0 23.0 15.0 23.0 19.0 21.0 24.0 11.0 15.0 24.0 20.0 14.0 14.0 17.0 17.0 20.0 13.0 20.0 19.0 13.0 20.0 20.0 16.0 25.0 22.0 15.0 25.0 15.0 18.0 18.0 20.0 15.0 21.0 19.0 23.0 10.0 19.0 11.0 19.0 22.0 19.0 23.0 13.0 15.0 11.0 25.0 22.0 20.0 21.0 16.0 21.0 10.0 21.0 25.0 17.0 23.0 25.0 16.0 25.0 12.0 24.0 18.0 21.0 13.0 23.0 13.0 21.0 18.0 18.0 14.0 24.0 23.0 14.0 18.0 25.0 17.0 19.0 20.0 18.0 15.0 13.0 18.0 22.0 24.0 23.0 919.5
