30 50 
12.0 5.0 12.0 5.0 6.0 8.0 5.0 5.0 9.0 15.0 13.0 12.0 15.0 8.0 5.0 6.0 13.0 15.0 5.0 12.0 13.0 5.0 13.0 6.0 13.0 10.0 13.0 10.0 6.0 7.0 12.0 14.0 11.0 7.0 15.0 10.0 9.0 11.0 13.0 12.0 12.0 11.0 10.0 6.0 13.0 5.0 12.0 15.0 11.0 10.0
-1.0 0.0 0.0 0.0 0.0 0.0 0.0 0.0 0.0 0.0 0.0 0.0 0.0 0.0 0.0 0.0 0.0 0.0 0.0 0.0 0.0 0.0 0.0 0.0 0.0 0.0 0.0 0.0 0.0 0.0 13.0 11.0 11.0 7.0 15.0 8.0 9.0 6.0 13.0 10.0 13.0 7.0 8.0 15.0 14.0 15.0 14.0 14.0 6.0 8.0 260.5
0.0 -1.0 0.0 0.0 0.0 0.0 0.0 0.0 0.0 0.0 0.0 0.0 0.0 0.0 0.0 0.0 0.0 0.0 0.0 0.0 0.0 0.0 0.0 0.0 0.0 0.0 0.0 0.0 0.0 0.0 11.0 7.0 12.0 12.0 7.0 6.0 11.0 13.0 7.0 6.0 15.0 8.0 10.0 8.0 7.0 6.0 5.0 6.0 10.0 13.0 231.0
0.0 0.0 -1.0 0.0 0.0 0.0 0.0 0.0 0.0 0.0 0.0 0.0 0.0 0.0 0.0 0.0 0.0 0.0 0.0 0.0 0.0 0.0 0.0 0.0 0.0 0.0 0.0 0.0 0.0 0.0 15.0 10.0 7.0 10.0 14.0 14.0 14.0 8.0 15.0 5.0 8.0 11.0 8.0 10.0 10.0 10.0 5.0 13.0 13.0 9.0 239.5
0.0 0.0 0.0 -1.0 0.0 0.0 0.0 0.0 0.0 0.0 0.0 0.0 0.0 0.0 0.0 0.0 0.0 0.0 0.0 0.0 0.0 0.0 0.0 0.0 0.0 0.0 0.0 0.0 0.0 0.0 6.0 12.0 8.0 10.0 15.0 14.0 12.0 9.0 15.0 11.0 7.0 8.0 14.0 11.0 12.0 12.0 11.0 15.0 9.0 15.0 272.5
0.0 0.0 0.0 0.0 -1.0 0.0 0.0 0.0 0.0 0.0 0.0 0.0 0.0 0.0 0.0 0.0 0.0 0.0 0.0 0.0 0.0 0.0 0.0 0.0 0.0 0.0 0.0 0.0 0.0 0.0 15.0 13.0 14.0 13.0 15.0 14.0 12.0 14.0 10.0 14.0 8.0 15.0 13.0 8.0 9.0 5.0 6.0 8.0 10.0 8.0 250.5
0.0 0.0 0.0 0.0 0.0 -1.0 0.0 0.0 0.0 0.0 0.0 0.0 0.0 0.0 0.0 0.0 0.0 0.0 0.0 0.0 0.0 0.0 0.0 0.0 0.0 0.0 0.0 0.0 0.0 0.0 7.0 15.0 8.0 5.0 6.0 14.0 10.0 7.0 8.0 7.0 6.0 6.0 11.0 5.0 12.0 8.0 10.0 6.0 9.0 13.0 238.5
0.0 0.0 0.0 0.0 0.0 0.0 -1.0 0.0 0.0 0.0 0.0 0.0 0.0 0.0 0.0 0.0 0.0 0.0 0.0 0.0 0.0 0.0 0.0 0.0 0.0 0.0 0.0 0.0 0.0 0.0 7.0 9.0 15.0 6.0 9.0 9.0 15.0 7.0 10.0 6.0 8.0 7.0 8.0 7.0 14.0 7.0 9.0 13.0 8.0 8.0 252.0
0.0 0.0 0.0 0.0 0.0 0.0 0.0 -1.0 0.0 0.0 0.0 0.0 0.0 0.0 0.0 0.0 0.0 0.0 0.0 0.0 0.0 0.0 0.0 0.0 0.0 0.0 0.0 0.0 0.0 0.0 12.0 10.0 8.0 14.0 9.0 12.0 8.0 8.0 7.0 14.0 5.0 13.0 9.0 9.0 7.0 7.0 12.0 5.0 5.0 13.0 248.5
0.0 0.0 0.0 0.0 0.0 0.0 0.0 0.0 -1.0 0.0 0.0 0.0 0.0 0.0 0.0 0.0 0.0 0.0 0.0 0.0 0.0 0.0 0.0 0.0 0.0 0.0 0.0 0.0 0.0 0.0 9.0 8.0 10.0 5.0 5.0 14.0 13.0 14.0 14.0 14.0 11.0 14.0 10.0 11.0 15.0 7.0 12.0 14.0 5.0 10.0 251.5
0.0 0.0 0.0 0.0 0.0 0.0 0.0 0.0 0.0 -1.0 0.0 0.0 0.0 0.0 0.0 0.0 0.0 0.0 0.0 0.0 0.0 0.0 0.0 0.0 0.0 0.0 0.0 0.0 0.0 0.0 8.0 10.0 6.0 9.0 15.0 15.0 13.0 13.0 11.0 12.0 10.0 10.0 10.0 5.0 15.0 13.0 15.0 5.0 9.0 8.0 240.5
0.0 0.0 0.0 0.0 0.0 0.0 0.0 0.0 0.0 0.0 -1.0 0.0 0.0 0.0 0.0 0.0 0.0 0.0 0.0 0.0 0.0 0.0 0.0 0.0 0.0 0.0 0.0 0.0 0.0 0.0 11.0 15.0 11.0 8.0 9.0 13.0 15.0 10.0 5.0 11.0 6.0 15.0 5.0 5.0 9.0 15.0 7.0 15.0 11.0 10.0 253.0
0.0 0.0 0.0 0.0 0.0 0.0 0.0 0.0 0.0 0.0 0.0 -1.0 0.0 0.0 0.0 0.0 0.0 0.0 0.0 0.0 0.0 0.0 0.0 0.0 0.0 0.0 0.0 0.0 0.0 0.0 8.0 14.0 6.0 5.0 6.0 11.0 12.0 8.0 11.0 14.0 11.0 10.0 6.0 5.0 11.0 5.0 10.0 13.0 13.0 7.0 240.5
0.0 0.0 0.0 0.0 0.0 0.0 0.0 0.0 0.0 0.0 0.0 0.0 -1.0 0.0 0.0 0.0 0.0 0.0 0.0 0.0 0.0 0.0 0.0 0.0 0.0 0.0 0.0 0.0 0.0 0.0 9.0 6.0 6.0 15.0 5.0 14.0 7.0 11.0 9.0 9.0 9.0 6.0 15.0 8.0 12.0 15.0 10.0 14.0 10.0 12.0 256.0
0.0 0.0 0.0 0.0 0.0 0.0 0.0 0.0 0.0 0.0 0.0 0.0 0.0 -1.0 0.0 0.0 0.0 0.0 0.0 0.0 0.0 0.0 0.0 0.0 0.0 0.0 0.0 0.0 0.0 0.0 12.0 15.0 15.0 13.0 8.0 10.0 12.0 12.0 6.0 7.0 15.0 6.0 7.0 7.0 9.0 7.0 7.0 13.0 7.0 12.0 242.5
0.0 0.0 0.0 0.0 0.0 0.0 0.0 0.0 0.0 0.0 0.0 0.0 0.0 0.0 -1.0 0.0 0.0 0.0 0.0 0.0 0.0 0.0 0.0 0.0 0.0 0.0 0.0 0.0 0.0 0.0 6.0 8.0 15.0 11.0 9.0 9.0 15.0 9.0 9.0 7.0 13.0 11.0 12.0 8.0 12.0 6.0 13.0 10.0 13.0 13.0 250.0
0.0 0.0 0.0 0.0 0.0 0.0 0.0 0.0 0.0 0.0 0.0 0.0 0.0 0.0 0.0 -1.0 0.0 0.0 0.0 0.0 0.0 0.0 0.0 0.0 0.0 0.0 0.0 0.0 0.0 0.0 15.0 12.0 8.0 10.0 9.0 7.0 12.0 15.0 11.0 9.0 14.0 11.0 6.0 6.0 6.0 7.0 5.0 9.0 12.0 9.0 256.0
0.0 0.0 0.0 0.0 0.0 0.0 0.0 0.0 0.0 0.0 0.0 0.0 0.0 0.0 0.0 0.0 -1.0 0.0 0.0 0.0 0.0 0.0 0.0 0.0 0.0 0.0 0.0 0.0 0.0 0.0 7.0 14.0 13.0 6.0 5.0 5.0 9.0 15.0 15.0 7.0 6.0 15.0 11.0 11.0 6.0 8.0 14.0 11.0 12.0 10.0 254.0
0.0 0.0 0.0 0.0 0.0 0.0 0.0 0.0 0.0 0.0 0.0 0.0 0.0 0.0 0.0 0.0 0.0 -1.0 0.0 0.0 0.0 0.0 0.0 0.0 0.0 0.0 0.0 0.0 0.0 0.0 8.0 15.0 10.0 15.0 11.0 11.0 10.0 5.0 14.0 12.0 10.0 13.0 7.0 5.0 7.0 13.0 10.0 12.0 15.0 12.0 265.0
0.0 0.0 0.0 0.0 0.0 0.0 0.0 0.0 0.0 0.0 0.0 0.0 0.0 0.0 0.0 0.0 0.0 0.0 -1.0 0.0 0.0 0.0 0.0 0.0 0.0 0.0 0.0 0.0 0.0 0.0 7.0 12.0 15.0 13.0 7.0 6.0 5.0 8.0 10.0 14.0 15.0 12.0 9.0 13.0 7.0 15.0 7.0 12.0 5.0 8.0 250.0
0.0 0.0 0.0 0.0 0.0 0.0 0.0 0.0 0.0 0.0 0.0 0.0 0.0 0.0 0.0 0.0 0.0 0.0 0.0 -1.0 0.0 0.0 0.0 0.0 0.0 0.0 0.0 0.0 0.0 0.0 5.0 9.0 9.0 12.0 15.0 9.0 9.0 12.0 5.0 13.0 14.0 9.0 11.0 9.0 8.0 7.0 12.0 14.0 9.0 13.0 251.0
0.0 0.0 0.0 0.0 0.0 0.0 0.0 0.0 0.0 0.0 0.0 0.0 0.0 0.0 0.0 0.0 0.0 0.0 0.0 0.0 -1.0 0.0 0.0 0.0 0.0 0.0 0.0 0.0 0.0 0.0 6.0 14.0 6.0 14.0 9.0 15.0 14.0 8.0 6.0 12.0 13.0 11.0 13.0 15.0 6.0 5.0 5.0 15.0 13.0 14.0 256.5
0.0 0.0 0.0 0.0 0.0 0.0 0.0 0.0 0.0 0.0 0.0 0.0 0.0 0.0 0.0 0.0 0.0 0.0 0.0 0.0 0.0 -1.0 0.0 0.0 0.0 0.0 0.0 0.0 0.0 0.0 13.0 9.0 11.0 12.0 10.0 10.0 9.0 11.0 14.0 11.0 14.0 8.0 13.0 9.0 8.0 5.0 15.0 8.0 7.0 12.0 244.0
0.0 0.0 0.0 0.0 0.0 0.0 0.0 0.0 0.0 0.0 0.0 0.0 0.0 0.0 0.0 0.0 0.0 0.0 0.0 0.0 0.0 0.0 -1.0 0.0 0.0 0.0 0.0 0.0 0.0 0.0 13.0 8.0 9.0 6.0 7.0 12.0 6.0 12.0 9.0 8.0 15.0 10.0 7.0 15.0 11.0 6.0 11.0 13.0 14.0 7.0 269.5
0.0 0.0 0.0 0.0 0.0 0.0 0.0 0.0 0.0 0.0 0.0 0.0 0.0 0.0 0.0 0.0 0.0 0.0 0.0 0.0 0.0 0.0 0.0 -1.0 0.0 0.0 0.0 0.0 0.0 0.0 12.0 5.0 12.0 11.0 7.0 14.0 11.0 14.0 8.0 5.0 5.0 12.0 11.0 6.0 7.0 11.0 13.0 15.0 7.0 6.0 239.0
0.0 0.0 0.0 0.0 0.0 0.0 0.0 0.0 0.0 0.0 0.0 0.0 0.0 0.0 0.0 0.0 0.0 0.0 0.0 0.0 0.0 0.0 0.0 0.0 -1.0 0.0 0.0 0.0 0.0 0.0 8.0 12.0 9.0 6.0 13.0 15.0 11.0 11.0 9.0 8.0 5.0 15.0 13.0 14.0 9.0 6.0 12.0 13.0 12.0 10.0 270.5
0.0 0.0 0.0 0.0 0.0 0.0 0.0 0.0 0.0 0.0 0.0 0.0 0.0 0.0 0.0 0.0 0.0 0.0 0.0 0.0 0.0 0.0 0.0 0.0 0.0 -1.0 0.0 0.0 0.0 0.0 5.0 8.0 14.0 14.0 8.0 10.0 7.0 9.0 7.0 14.0 15.0 9.0 11.0 11.0 11.0 13.0 15.0 13.0 14.0 13.0 252.5
0.0 0.0 0.0 0.0 0.0 0.0 0.0 0.0 0.0 0.0 0.0 0.0 0.0 0.0 0.0 0.0 0.0 0.0 0.0 0.0 0.0 0.0 0.0 0.0 0.0 0.0 -1.0 0.0 0.0 0.0 13.0 7.0 7.0 10.0 11.0 5.0 14.0 8.0 5.0 9.0 15.0 15.0 15.0 10.0 7.0 9.0 12.0 10.0 14.0 5.0 248.5
0.0 0.0 0.0 0.0 0.0 0.0 0.0 0.0 0.0 0.0 0.0 0.0 0.0 0.0 0.0 0.0 0.0 0.0 0.0 0.0 0.0 0.0 0.0 0.0 0.0 0.0 0.0 -1.0 0.0 0.0 6.0 5.0 10.0 9.0 11.0 7.0 13.0 11.0 9.0 8.0 13.0 6.0 6.0 7.0 15.0 7.0 14.0 12.0 6.0 9.0 244.5
0.0 0.0 0.0 0.0 0.0 0.0 0.0 0.0 0.0 0.0 0.0 0.0 0.0 0.0 0.0 0.0 0.0 0.0 0.0 0.0 0.0 0.0 0.0 0.0 0.0 0.0 0.0 0.0 -1.0 0.0 12.0 12.0 10.0 5.0 12.0 5.0 9.0 12.0 15.0 9.0 5.0 5.0 6.0 8.0 13.0 6.0 13.0 9.0 9.0 8.0 240.0
0.0 0.0 0.0 0.0 0.0 0.0 0.0 0.0 0.0 0.0 0.0 0.0 0.0 0.0 0.0 0.0 0.0 0.0 0.0 0.0 0.0 0.0 0.0 0.0 0.0 0.0 0.0 0.0 0.0 -1.0 8.0 12.0 9.0 12.0 5.0 10.0 13.0 15.0 11.0 13.0 10.0 6.0 8.0 7.0 14.0 5.0 8.0 14.0 13.0 7.0 253.5
