23 50 
6.0 14.0 11.0 7.0 13.0 15.0 12.0 7.0 12.0 6.0 10.0 8.0 8.0 13.0 11.0 10.0 11.0 12.0 7.0 9.0 10.0 6.0 13.0 5.0 11.0 9.0 10.0 8.0 6.0 6.0 15.0 15.0 8.0 11.0 6.0 15.0 14.0 8.0 8.0 13.0 5.0 15.0 12.0 8.0 13.0 5.0 13.0 5.0 6.0 5.0
6.0 7.0 11.0 8.0 10.0 11.0 6.0 15.0 8.0 5.0 7.0 15.0 15.0 9.0 8.0 11.0 9.0 6.0 10.0 15.0 10.0 14.0 9.0 14.0 9.0 5.0 5.0 7.0 8.0 13.0 14.0 11.0 14.0 11.0 12.0 13.0 10.0 6.0 7.0 9.0 9.0 9.0 8.0 11.0 11.0 10.0 8.0 14.0 10.0 12.0 247.5
13.0 7.0 8.0 5.0 8.0 9.0 13.0 13.0 8.0 14.0 11.0 6.0 9.0 14.0 13.0 8.0 7.0 10.0 14.0 6.0 8.0 6.0 5.0 9.0 7.0 6.0 10.0 15.0 9.0 15.0 7.0 10.0 5.0 11.0 8.0 12.0 7.0 15.0 9.0 10.0 5.0 10.0 13.0 12.0 12.0 12.0 14.0 14.0 6.0 8.0 243.0
7.0 5.0 8.0 12.0 5.0 10.0 5.0 8.0 8.0 12.0 8.0 13.0 9.0 8.0 8.0 7.0 13.0 6.0 8.0 9.0 8.0 8.0 14.0 15.0 10.0 11.0 15.0 8.0 8.0 7.0 15.0 15.0 10.0 5.0 12.0 14.0 7.0 11.0 8.0 13.0 13.0 9.0 11.0 11.0 14.0 12.0 5.0 12.0 8.0 13.0 245.5
12.0 6.0 9.0 8.0 5.0 12.0 8.0 14.0 12.0 8.0 7.0 7.0 15.0 9.0 5.0 11.0 11.0 8.0 8.0 7.0 10.0 14.0 14.0 15.0 11.0 10.0 8.0 12.0 7.0 15.0 9.0 11.0 11.0 6.0 14.0 9.0 15.0 14.0 9.0 12.0 9.0 7.0 6.0 8.0 7.0 15.0 8.0 13.0 8.0 9.0 249.0
13.0 10.0 5.0 8.0 6.0 8.0 14.0 13.0 8.0 8.0 11.0 14.0 5.0 7.0 12.0 12.0 6.0 10.0 9.0 10.0 5.0 6.0 10.0 7.0 12.0 8.0 15.0 14.0 12.0 13.0 12.0 8.0 12.0 7.0 6.0 9.0 10.0 5.0 15.0 13.0 8.0 8.0 9.0 12.0 10.0 11.0 7.0 6.0 9.0 14.0 241.0
13.0 7.0 6.0 12.0 7.0 7.0 12.0 15.0 6.0 6.0 5.0 6.0 5.0 8.0 14.0 12.0 8.0 13.0 10.0 12.0 6.0 9.0 7.0 6.0 15.0 7.0 5.0 8.0 5.0 8.0 12.0 6.0 11.0 8.0 9.0 14.0 5.0 11.0 10.0 7.0 13.0 11.0 10.0 9.0 14.0 7.0 10.0 8.0 12.0 7.0 227.0
11.0 9.0 7.0 13.0 7.0 11.0 6.0 10.0 6.0 5.0 5.0 12.0 7.0 6.0 11.0 14.0 8.0 10.0 10.0 11.0 5.0 11.0 9.0 7.0 13.0 15.0 11.0 11.0 14.0 10.0 8.0 11.0 7.0 8.0 14.0 12.0 13.0 8.0 9.0 10.0 6.0 13.0 9.0 8.0 9.0 8.0 11.0 13.0 10.0 7.0 239.5
9.0 6.0 9.0 11.0 8.0 14.0 11.0 11.0 10.0 14.0 7.0 14.0 14.0 11.0 9.0 7.0 12.0 9.0 6.0 14.0 13.0 7.0 13.0 5.0 5.0 10.0 11.0 7.0 12.0 14.0 13.0 14.0 10.0 6.0 15.0 6.0 15.0 13.0 7.0 11.0 8.0 7.0 9.0 8.0 7.0 10.0 14.0 11.0 8.0 5.0 250.0
5.0 11.0 15.0 11.0 14.0 6.0 5.0 6.0 5.0 13.0 11.0 5.0 8.0 7.0 13.0 13.0 10.0 10.0 14.0 8.0 11.0 12.0 9.0 10.0 5.0 6.0 6.0 12.0 15.0 8.0 10.0 8.0 14.0 9.0 6.0 11.0 5.0 13.0 8.0 7.0 6.0 8.0 13.0 11.0 5.0 7.0 5.0 14.0 12.0 8.0 232.0
7.0 10.0 5.0 5.0 13.0 7.0 5.0 15.0 13.0 7.0 12.0 10.0 7.0 5.0 5.0 7.0 5.0 10.0 7.0 8.0 10.0 6.0 7.0 13.0 8.0 5.0 8.0 12.0 5.0 7.0 6.0 10.0 15.0 10.0 14.0 12.0 10.0 14.0 11.0 15.0 12.0 15.0 5.0 8.0 15.0 6.0 13.0 8.0 9.0 10.0 231.0
10.0 6.0 13.0 12.0 5.0 11.0 10.0 6.0 14.0 6.0 6.0 8.0 14.0 12.0 7.0 6.0 9.0 5.0 14.0 7.0 13.0 5.0 5.0 13.0 11.0 15.0 9.0 12.0 6.0 5.0 12.0 10.0 9.0 14.0 7.0 6.0 6.0 8.0 8.0 9.0 9.0 6.0 15.0 13.0 7.0 15.0 10.0 11.0 6.0 6.0 231.0
14.0 7.0 14.0 10.0 15.0 12.0 15.0 15.0 11.0 11.0 6.0 12.0 5.0 13.0 9.0 5.0 12.0 11.0 7.0 11.0 13.0 6.0 12.0 13.0 11.0 14.0 11.0 11.0 8.0 7.0 15.0 12.0 5.0 12.0 6.0 7.0 7.0 12.0 13.0 10.0 12.0 13.0 7.0 11.0 5.0 9.0 7.0 5.0 9.0 15.0 256.5
8.0 7.0 7.0 7.0 11.0 12.0 13.0 5.0 5.0 5.0 14.0 9.0 12.0 7.0 8.0 13.0 10.0 8.0 13.0 8.0 5.0 15.0 6.0 6.0 7.0 6.0 12.0 8.0 6.0 7.0 6.0 5.0 15.0 13.0 8.0 12.0 5.0 7.0 7.0 10.0 12.0 8.0 6.0 10.0 8.0 15.0 6.0 13.0 8.0 5.0 219.5
6.0 6.0 6.0 5.0 9.0 15.0 6.0 9.0 7.0 7.0 5.0 9.0 9.0 13.0 12.0 8.0 15.0 10.0 15.0 14.0 14.0 15.0 5.0 12.0 14.0 14.0 11.0 15.0 6.0 11.0 6.0 5.0 8.0 5.0 8.0 13.0 8.0 5.0 13.0 13.0 7.0 9.0 5.0 12.0 7.0 6.0 7.0 7.0 8.0 8.0 231.5
6.0 15.0 14.0 6.0 7.0 11.0 12.0 5.0 9.0 13.0 12.0 7.0 10.0 8.0 12.0 12.0 13.0 9.0 7.0 12.0 14.0 7.0 8.0 10.0 8.0 6.0 8.0 15.0 11.0 13.0 9.0 13.0 11.0 5.0 9.0 13.0 15.0 10.0 8.0 9.0 10.0 12.0 5.0 14.0 10.0 10.0 11.0 9.0 6.0 13.0 251.0
11.0 7.0 6.0 5.0 10.0 8.0 9.0 12.0 14.0 7.0 12.0 11.0 8.0 15.0 15.0 9.0 15.0 10.0 11.0 13.0 11.0 13.0 15.0 6.0 10.0 13.0 15.0 14.0 15.0 11.0 5.0 13.0 12.0 8.0 6.0 9.0 8.0 10.0 9.0 8.0 8.0 7.0 9.0 15.0 14.0 7.0 11.0 6.0 6.0 12.0 257.0
10.0 13.0 10.0 13.0 13.0 12.0 6.0 10.0 13.0 14.0 13.0 12.0 13.0 15.0 12.0 5.0 13.0 14.0 14.0 7.0 11.0 7.0 13.0 10.0 7.0 6.0 15.0 10.0 8.0 11.0 13.0 7.0 7.0 10.0 8.0 10.0 5.0 8.0 14.0 15.0 10.0 10.0 13.0 9.0 14.0 15.0 13.0 11.0 10.0 9.0 270.5
13.0 10.0 12.0 10.0 10.0 7.0 7.0 12.0 12.0 7.0 8.0 13.0 6.0 5.0 5.0 14.0 7.0 7.0 13.0 8.0 15.0 12.0 8.0 9.0 10.0 9.0 14.0 7.0 14.0 13.0 7.0 13.0 13.0 5.0 12.0 13.0 5.0 13.0 12.0 13.0 13.0 13.0 9.0 7.0 15.0 11.0 10.0 7.0 6.0 8.0 251.0
12.0 9.0 10.0 10.0 15.0 9.0 10.0 14.0 11.0 7.0 12.0 6.0 6.0 5.0 10.0 10.0 7.0 12.0 7.0 10.0 9.0 9.0 8.0 11.0 15.0 7.0 11.0 10.0 5.0 14.0 6.0 14.0 15.0 7.0 6.0 10.0 8.0 11.0 15.0 13.0 8.0 14.0 7.0 14.0 8.0 13.0 14.0 7.0 15.0 12.0 254.0
8.0 12.0 7.0 14.0 9.0 7.0 12.0 9.0 6.0 9.0 11.0 12.0 10.0 11.0 7.0 9.0 15.0 6.0 6.0 5.0 10.0 12.0 5.0 8.0 11.0 15.0 5.0 9.0 7.0 9.0 9.0 5.0 13.0 6.0 15.0 11.0 10.0 14.0 12.0 5.0 13.0 14.0 7.0 12.0 10.0 9.0 11.0 11.0 12.0 13.0 244.0
10.0 5.0 11.0 6.0 10.0 13.0 15.0 10.0 11.0 9.0 5.0 12.0 6.0 14.0 9.0 11.0 14.0 12.0 12.0 7.0 14.0 13.0 6.0 14.0 7.0 7.0 12.0 12.0 13.0 9.0 5.0 9.0 14.0 11.0 8.0 6.0 9.0 5.0 8.0 8.0 15.0 8.0 10.0 15.0 10.0 14.0 8.0 11.0 14.0 12.0 254.5
13.0 14.0 12.0 5.0 14.0 9.0 9.0 8.0 7.0 6.0 14.0 11.0 8.0 15.0 9.0 5.0 15.0 12.0 8.0 9.0 11.0 8.0 5.0 13.0 10.0 12.0 11.0 11.0 15.0 6.0 12.0 8.0 11.0 10.0 12.0 10.0 12.0 7.0 11.0 13.0 9.0 14.0 6.0 14.0 6.0 12.0 13.0 7.0 13.0 8.0 256.5
7.0 13.0 10.0 15.0 11.0 5.0 12.0 14.0 5.0 11.0 6.0 7.0 9.0 5.0 15.0 6.0 14.0 6.0 10.0 11.0 6.0 6.0 6.0 10.0 14.0 10.0 13.0 11.0 11.0 7.0 6.0 8.0 13.0 12.0 8.0 14.0 13.0 5.0 5.0 8.0 10.0 15.0 11.0 7.0 8.0 9.0 10.0 7.0 8.0 7.0 235.0
